0000011000111111111100 0000000000000000000000
1111100111000110010100 1111111111111011000111
0000011000100110111101 0000000000001001101010
1111100111110111111110 1111111111110001110010
0000010111011101010110 0000000000010010011011
1111101001011000011110 1111111111101001110010
0000010101100111010010 0000000000011001011101
1111101011100010011101 1111111111100011110111
0000010011001011010010 0000000000011110001000
1111101110001110010011 1111111111100000100101
0000010000010001111110 0000000000011111111110
1111110001010010100111 1111111111100000001101
0000001101000101010011 0000000000011110110101
1111110100100100111010 1111111111100010110100
0000001001110000000110 0000000000011010110100
1111110111111010010011 1111111111101000001010
0000000110011101001101 0000000000010100010011
1111111011001000000111 1111111111101111101101
0000000011010110111011 0000000000001011111000
1111111110000100100101 1111111111111000110010
0000000000100110010100 0000000000000010010110
0000000000100111100010 0000000000000010100011
1111111110010010100111 1111111111111000100110
0000000010101010101011 0000000000001100000100
1111111100100000111111 1111111111101111100011
0000000100001010001000 0000000000010100011100
1111111011010100000110 1111111111101000000001
0000000101000100010110 0000000000011010111011
1111111010101100010011 1111111111100010101111
0000000101011010010010 0000000000011110111001
1111111010100111011010 1111111111100000001100
0000000101001111001000 0000000000011111111110
1111111011000001010110 1111111111100000100111
0000000100100111111010 0000000000011110000100
1111111011110100001110 1111111111100011111101
0000000011101011001000 0000000000011001010110
1111111100111001000001 1111111111101001111011
0000000010100000001101 0000000000010010010001
1111111110001000001001 1111111111110001111101
0000000001001110110100 0000000000001001011110
1111111111011001111100 1111111111111011010011
1111111111111110011100 1111111111111111110011
0000000000100111001110 0000000000000101000101
1111111110110101110000 1111111111110110001001
0000000001101001111011 0000000000001110011000
1111111101111010001110 1111111111101101011010
0000000010011101010011 0000000000010110010110
1111111101001111110010 1111111111100110011010
0000000010111110010000 0000000000011100001110
1111111100111000101010 1111111111100001110011
0000000011001011011110 0000000000011111011101
1111111100110101001111 1111111111100000000001
0000000011000101011001 0000000000011111110000
1111111101000100010100 1111111111100001001101
0000000010101110000000 0000000000011101000101
1111111101100011001010 1111111111100101010010
0000000010001000101001 0000000000010111101101
1111111110001101111100 1111111111101011110110
0000000001011001100111 0000000000010000000111
1111111111000000000011 1111111111110100010011
0000000000100101101011 0000000000000111000000
1111111111110100100100 1111111111111101110101
1111111111110001110000 1111111111111101010000
0000000000100110101110 0000000000000111100101
1111111111000010011100 1111111111110011110000
0000000001010010001110 0000000000010000100111
1111111110011011101001 1111111111101011011001
0000000001110011100110 0000000000011000000110
1111111110000000010011 1111111111100100111101
0000000010001000011111 0000000000011101010101
1111111101110010001000 1111111111100001000011
0000000010001111110010 0000000000011111110100
1111111101110001101010 1111111111100000000010
0000000010001001100111 0000000000011111010110
1111111101111110001010 1111111111100010000000
0000000001110111010001 0000000000011011111100
1111111110010101110001 1111111111100110110001
0000000001011011000100 0000000000010101111011
1111111110110101110011 1111111111101101111001
0000000000111000000100 0000000000001101110111
1111111111011010111010 1111111111110110101101
0000000000010001101110 0000000000000100100000
0000000000000001100010 0000000000000000011001
1111111111101011101110 1111111111111010101110
0000000000100110000100 0000000000001010000010
1111111111001001011011 1111111111110001011100
0000000001000101011001 0000000000010010101111
1111111110101101110001 1111111111101001100000
0000000001011100111000 0000000000011001101100
1111111110011010111001 1111111111100011101100
0000000001101010110010 0000000000011110010000
1111111110010010001001 1111111111100000100000
0000000001101110010011 0000000000011111111111
1111111110010011110100 1111111111100000010000
0000000001100111100110 0000000000011110101110
1111111110011111010011 1111111111100010111111
0000000001010111101101 0000000000011010100110
1111111110110011001000 1111111111101000011011
0000000001000000011111 0000000000010011111111
1111111111001101001001 1111111111110000000011
0000000000100100010110 0000000000001011100001
1111111111101010101101 1111111111111001001011
0000000000000110000100 0000000000000001111101
0000000000001001000000 0000000000000010111100
1111111111101000011101 1111111111111000001110
0000000000100101001110 0000000000001100011011
1111111111001110001101 1111111111101111001101
0000000000111100111011 0000000000010100110000
1111111110111001100100 1111111111100111110001
0000000001001110000111 0000000000011011001001
1111111110101100001011 1111111111100010100101
0000000001010111011101 0000000000011110111111
1111111110100111000000 1111111111100000001001
0000000001011000011100 0000000000011111111100
1111111110101010001010 1111111111100000101100
0000000001010001010001 0000000000011101111011
1111111110110101000110 1111111111100100001010
0000000001000010111010 0000000000011001000110
1111111111000110011111 1111111111101010001110
0000000000101110111100 0000000000010001111100
1111111111011100100010 1111111111110010010100
0000000000010111011000 0000000000001001000110
1111111111110101000010 1111111111111011101100
1111111111111110100000 1111111111111111011010
0000000000001101101011 0000000000000101011110
1111111111100110101010 1111111111110101110001
0000000000100100001100 0000000000001110101111
1111111111010001111101 1111111111101101000110
0000000000110110101000 0000000000010110101000
1111111111000010001101 1111111111100110001011
0000000001000011011001 0000000000011100011001
1111111110111000101010 1111111111100001101011
0000000001001001100010 0000000000011111100001
1111111110110101111111 1111111111100000000000
0000000001001000101110 0000000000011111101101
1111111110111010001101 1111111111100001010100
0000000001000001010000 0000000000011100111011
1111111111000100101101 1111111111100101100000
0000000000110100000010 0000000000010111011100
1111111111010100010101 1111111111101100001010
0000000000100010011100 0000000000001111110001
1111111111100111011101 1111111111110100101010
0000000000001110001111 0000000000000110101000
1111111111111100001111 1111111111111110001110
1111111111111001010111 1111111111111100110111
0000000000010000101101 0000000000000111111101
1111111111100101110001 1111111111110011011001
0000000000100011000000 0000000000010000111100
1111111111010101001011 1111111111101011000110
0000000000110001100001 0000000000011000010110
1111111111001001000010 1111111111100100110000
0000000000111011000010 0000000000011101011111
1111111111000010010101 1111111111100000111101
0000000000111110110100 0000000000011111110111
1111111111000001100000 1111111111100000000011
0000000000111100101110 0000000000011111010000
1111111111000110011101 1111111111100010001001
0000000000110101000100 0000000000011011101111
1111111111010000100100 1111111111100111000001
0000000000101000110001 0000000000010101101000
1111111111011110101111 1111111111101110001110
0000000000011001000100 0000000000001101100000
1111111111101111100100 1111111111110111000101
0000000000000111100010 0000000000000100000111
0000000000000001011011 0000000000000000110010
1111111111110101110010 1111111111111010010101
0000000000010010101001 0000000000001010011010
1111111111100101011111 1111111111110001000101
0000000000100001101001 0000000000010011000011
1111111111011000000110 1111111111101001001111
0000000000101101001000 0000000000011001111011
1111111111001110110001 1111111111100011100000
0000000000110100001000 0000000000011110011000
1111111111001010001101 1111111111100000011100
0000000000110110001001 0000000000011111111111
1111111111001010110001 1111111111100000010100
0000000000110011000101 0000000000011110100111
1111111111010000001101 1111111111100011001010
0000000000101011011011 0000000000011010011000
1111111111011001111010 1111111111101000101100
0000000000011111111101 0000000000010011101011
1111111111100110110101 1111111111110000011001
0000000000010001111000 0000000000001011001001
1111111111110101110000 1111111111111001100100
0000000000000010011111 0000000000000001100100
0000000000000101001110 0000000000000011010101
1111111111110011010011 1111111111110111110110
0000000000010011110010 0000000000001100110010
1111111111100101101100 1111111111101110111000
0000000000100000001000 0000000000010101000011
1111111111011010111000 1111111111100111100001
0000000000101001001011 0000000000011011010110
1111111111010011110000 1111111111100010011011
0000000000101110001110 0000000000011111000101
1111111111010000111010 1111111111100000000111
0000000000101110110101 0000000000011111111011
1111111111010010100000 1111111111100000110001
0000000000101011000111 0000000000011101110010
1111111111011000001111 1111111111100100010110
0000000000100011100001 0000000000011000110111
1111111111100001011111 1111111111101010100000
0000000000011000110110 0000000000010001100111
1111111111101101010100 1111111111110010101011
0000000000001100001010 0000000000001000101110
1111111111111010100101 1111111111111100000101
1111111111111110101001 1111111111111111000001
0000000000001000000000 0000000000000101110110
1111111111110001100111 1111111111110101011001
0000000000010100010101 0000000000001111000101
1111111111100110001111 1111111111101100110010
0000000000011110011111 0000000000010110111001
1111111111011101100011 1111111111100101111100
0000000000100101100011 0000000000011100100101
1111111111011000001111 1111111111100001100011
0000000000101000111111 0000000000011111100101
1111111111010110110000 1111111111100000000000
0000000000101000100011 0000000000011111101001
1111111111011001000101 1111111111100001011011
0000000000100100011000 0000000000011100110000
1111111111011110111110 1111111111100101101110
0000000000011100111100 0000000000010111001011
1111111111100111110000 1111111111101100011101
0000000000010011000001 0000000000001111011011
1111111111110010100100 1111111111110101000010
0000000000000111100110 0000000000000110001111
1111111111111110010101 1111111111111110101000
1111111111111011110000 1111111111111100011110
0000000000001001111110 0000000000001000010110
1111111111110000100101 1111111111110011000010
0000000000010100011011 0000000000010001010010
1111111111100111000111 1111111111101010110011
0000000000011100101110 0000000000011000100111
1111111111100000001011 1111111111100100100011
0000000000100010001010 0000000000011101101000
1111111111011100010110 1111111111100000110111
0000000000100100010011 0000000000011111111001
1111111111011011111001 1111111111100000000101
0000000000100011000100 0000000000011111001011
1111111111011110110010 1111111111100010010010
0000000000011110100101 0000000000011011100011
1111111111100100101101 1111111111100111010000
0000000000010111011010 0000000000010101010110
1111111111101100111111 1111111111101110100011
0000000000001110001110 0000000000001101001001
1111111111110110110100 1111111111110111011101
0000000000000011111110 0000000000000011101110
0000000000000001001111 0000000000000001001011
1111111111111001100101 1111111111111001111100
0000000000001011010101 0000000000001010110001
1111111111110000000011 1111111111110000101111
0000000000010100000111 0000000000010011011000
1111111111101000001110 1111111111101000111101
0000000000011010110100 0000000000011010001010
1111111111100010110001 1111111111100011010101
0000000000011110111000 0000000000011110100000
1111111111100000001010 1111111111100000011000
0000000000011111111111 0000000000011111111111
1111111111100000100100 1111111111100000011000
0000000000011110001000 0000000000011110100000
1111111111100011110110 1111111111100011010101
0000000000011001100001 0000000000011010001010
1111111111101001101001 1111111111101000111101
0000000000010010101011 0000000000010011011000
1111111111110001011000 1111111111110000101111
0000000000001010010000 0000000000001010110010
1111111111111010010001 1111111111111001111100
0000000000000001000111 0000000000000001001011
0000000000000011011110 0000000000000011101110
1111111111111000000101 1111111111110111011101
0000000000001100000111 0000000000001101001001
1111111111101111111111 1111111111101110100011
0000000000010011011101 0000000000010101010110
1111111111101001100101 1111111111100111010000
0000000000011000110100 0000000000011011100011
1111111111100101011010 1111111111100010010010
0000000000011011101111 0000000000011111001011
1111111111100011110010 1111111111100000000101
0000000000011100000001 0000000000011111111001
1111111111100100110100 1111111111100000110111
0000000000011001101110 0000000000011101101000
1111111111101000010100 1111111111100100100011
0000000000010101000110 0000000000011000100111
1111111111101101111100 1111111111101010110011
0000000000001110101000 0000000000010001010010
1111111111110101000101 1111111111110011000010
0000000000000110111110 0000000000001000010110
1111111111111101000100 1111111111111100011110
1111111111111110110111 1111111111111110101000
0000000000000101001000 0000000000000110001111
1111111111110111000011 1111111111110101000010
0000000000001100100000 0000000000001111011011
1111111111110000010001 1111111111101100011110
0000000000010010100011 0000000000010111001011
1111111111101011000110 1111111111100101101110
0000000000010110101110 0000000000011100110000
1111111111101000000000 1111111111100001011100
0000000000011000101101 0000000000011111101001
1111111111100111001011 1111111111100000000000
0000000000011000010110 0000000000011111100101
1111111111101000101100 1111111111100001100011
0000000000010101110000 0000000000011100100101
1111111111101100010011 1111111111100101111100
0000000000010001001101 0000000000010110111001
1111111111110001101010 1111111111101100110001
0000000000001011001011 0000000000001111000101
1111111111111000001100 1111111111110101011001
0000000000000100010010 0000000000000101110110
1111111111111111010011 1111111111111111000001
1111111111111101001010 1111111111111100000101
0000000000000110010001 0000000000001000101110
1111111111110110011111 1111111111110010101011
0000000000001100100000 0000000000010001100111
1111111111110000110110 1111111111101010100000
0000000000010001011010 0000000000011000110110
1111111111101100110001 1111111111100100010110
0000000000010100100101 0000000000011101110010
1111111111101010100101 1111111111100000110001
0000000000010101110001 0000000000011111111011
1111111111101010011011 1111111111100000000111
0000000000010100111010 0000000000011111000101
1111111111101100001111 1111111111100010011011
0000000000010010001010 0000000000011011010110
1111111111101111110111 1111111111100111100000
0000000000001101110010 0000000000010101000011
1111111111110100110111 1111111111101110111000
0000000000001000010001 0000000000001100110010
1111111111111010110001 1111111111110111110110
0000000000000010000111 0000000000000011010101
0000000000000000111111 0000000000000001100100
1111111111111011111110 1111111111111001100100
0000000000000110111110 0000000000001011001001
1111111111110110010100 1111111111110000011001
0000000000001100001000 0000000000010011101100
1111111111110001101111 1111111111101000101100
0000000000010000000010 0000000000011010011000
1111111111101110100101 1111111111100011001010
0000000000010010010110 0000000000011110100111
1111111111101101001001 1111111111100000010100
0000000000010010111010 0000000000011111111111
1111111111101101011101 1111111111100000011100
0000000000010001101110 0000000000011110011000
1111111111101111100000 1111111111100011100000
0000000000001110111010 0000000000011001111011
1111111111110010111111 1111111111101001001110
0000000000001010110011 0000000000010011000100
1111111111110111100110 1111111111110001000101
0000000000000101110100 0000000000001010011010
1111111111111100110110 1111111111111010010101
0000000000000000011011 0000000000000000110010
0000000000000010001111 0000000000000100000111
1111111111111011001001 1111111111110111000101
0000000000000111010001 0000000000001101100000
1111111111110110011111 1111111111101110001110
0000000000001011011110 0000000000010101101000
1111111111110010110101 1111111111100111000001
0000000000001110100000 0000000000011011101111
1111111111110000100000 1111111111100010001001
0000000000010000000110 0000000000011111010001
1111111111101111101010 1111111111100000000011
0000000000010000001011 0000000000011111110111
1111111111110000011000 1111111111100000111101
0000000000001110101101 0000000000011101011111
1111111111110010100000 1111111111100100110000
0000000000001011111110 0000000000011000010111
1111111111110101110010 1111111111101011000110
0000000000001000001101 0000000000010000111101
1111111111111001111011 1111111111110011011001
0000000000000011110011 0000000000000111111101
1111111111111110100000 1111111111111100110111
1111111111111111001010 1111111111111110001111
0000000000000011000101 0000000000000110101000
1111111111111010110001 1111111111110100101010
0000000000000111001101 0000000000001111110001
1111111111110110111111 1111111111101100001010
0000000000001010100100 0000000000010111011100
1111111111110100001010 1111111111100101100000
0000000000001100110100 0000000000011100111011
1111111111110010100000 1111111111100001010100
0000000000001101110101 0000000000011111101101
1111111111110010001010 1111111111100000000000
0000000000001101011111 0000000000011111100001
1111111111110011001000 1111111111100001101011
0000000000001011111101 0000000000011100011001
1111111111110101001101 1111111111100110001011
0000000000001001010111 0000000000010110101000
1111111111111000001111 1111111111101101000110
0000000000000110000000 0000000000001110101111
1111111111111011110111 1111111111110101110001
0000000000000010001100 0000000000000101011110
1111111111111111110000 1111111111111111011010
1111111111111110010100 1111111111111011101100
0000000000000011100010 0000000000001001000110
1111111111111010101110 1111111111110010010100
0000000000000110110111 0000000000010001111100
1111111111110111110000 1111111111101010001110
0000000000001001011010 0000000000011001000110
1111111111110101101001 1111111111100100001010
0000000000001011000001 0000000000011101111011
1111111111110100100101 1111111111100000101100
0000000000001011100010 0000000000011111111100
1111111111110100100110 1111111111100000001010
0000000000001010111111 0000000000011110111111
1111111111110101101011 1111111111100010100101
0000000000001001011011 0000000000011011001000
1111111111110111101010 1111111111100111110001
0000000000000111000101 0000000000010100110000
1111111111111010010101 1111111111101111001101
0000000000000100001001 0000000000001100011011
1111111111111101011011 1111111111111000001110
0000000000000000111101 0000000000000010111100
0000000000000000101000 0000000000000001111101
1111111111111101110100 1111111111111001001011
0000000000000011101001 0000000000001011100001
1111111111111011000000 1111111111110000000011
0000000000000110001101 0000000000010011111111
1111111111111000110000 1111111111101000011011
0000000000001000000100 0000000000011010100110
1111111111110111010011 1111111111100010111111
0000000000001001000111 0000000000011110101110
1111111111110110101100 1111111111100000010001
0000000000001001010001 0000000000011111111111
1111111111110110111110 1111111111100000100000
0000000000001000100100 0000000000011110010000
1111111111111000000100 1111111111100011101100
0000000000000111000111 0000000000011001101101
1111111111111001110110 1111111111101001100000
0000000000000101000100 0000000000010010101111
1111111111111100000111 1111111111110001011100
0000000000000010101001 0000000000001010000010
1111111111111110101000 1111111111111010101110
0000000000000000000111 0000000000000000011001
0000000000000001001000 0000000000000100011111
1111111111111101101010 1111111111110110101101
0000000000000011011011 0000000000001101110110
1111111111111011100101 1111111111101101111001
0000000000000101010010 0000000000010101111010
1111111111111010000000 1111111111100110110001
0000000000000110100010 0000000000011011111011
1111111111111001000100 1111111111100010000000
0000000000000111001000 0000000000011111010110
1111111111111000110011 1111111111100000000010
0000000000000111000100 0000000000011111110100
1111111111111001001110 1111111111100001000011
0000000000000110010100 0000000000011101010101
1111111111111010010001 1111111111100100111101
0000000000000101000010 0000000000011000000110
1111111111111011110000 1111111111101011011001
0000000000000011011000 0000000000010000100111
1111111111111101100100 1111111111110011110000
0000000000000001011111 0000000000000111100101
1111111111111111011101 1111111111111101010000
1111111111111111100101 1111111111111101110101
0000000000000001010011 0000000000000111000000
1111111111111101110111 1111111111110100010011
0000000000000010111001 0000000000010000000111
1111111111111100011100 1111111111101011110110
0000000000000100000110 0000000000010111101101
1111111111111011011101 1111111111100101010010
0000000000000100110110 0000000000011101000101
1111111111111010111100 1111111111100001001101
0000000000000101000110 0000000000011111110000
1111111111111010111101 1111111111100000000000
0000000000000100110110 0000000000011111011101
1111111111111011011100 1111111111100001110011
0000000000000100001011 0000000000011100001110
1111111111111100010010 1111111111100110011010
0000000000000011001010 0000000000010110010110
1111111111111101011010 1111111111101101011010
0000000000000001111100 0000000000001110011000
1111111111111110101101 1111111111110110001001
0000000000000000101001 0000000000000101000101
1111111111111111111110 1111111111111111110011
1111111111111111011010 1111111111111011010011
0000000000000001001001 0000000000001001011110
1111111111111110010110 1111111111110001111101
0000000000000010000101 0000000000010010010000
1111111111111101100011 1111111111101001111011
0000000000000010101111 0000000000011001010110
1111111111111101000100 1111111111100011111101
0000000000000011000100 0000000000011110000100
1111111111111100111010 1111111111100000100111
0000000000000011000011 0000000000011111111110
1111111111111101000100 1111111111100000001100
0000000000000010110000 0000000000011110111001
1111111111111101011110 1111111111100010101111
0000000000000010001111 0000000000011010111011
1111111111111110000100 1111111111101000000001
0000000000000001100100 0000000000010100011100
1111111111111110110010 1111111111101111100011
0000000000000000110110 0000000000001100000100
1111111111111111011111 1111111111111000100110
0000000000000000001010 0000000000000010100011
0000000000000000001000 0000000000000010010110
1111111111111111100110 1111111111111000110011
0000000000000000101001 0000000000001011111000
1111111111111111001010 1111111111101111101110
0000000000000000111111 0000000000010100010011
1111111111111110111010 1111111111101000001010
0000000000000001001000 0000000000011010110100
1111111111111110110101 1111111111100010110100
0000000000000001000111 0000000000011110110101
1111111111111110111100 1111111111100000001101
0000000000000000111101 0000000000011111111110
1111111111111111001001 1111111111100000100101
0000000000000000101101 0000000000011110001000
1111111111111111011010 1111111111100011110111
0000000000000000011100 0000000000011001011101
1111111111111111101010 1111111111101001110010
0000000000000000001100 0000000000010010011011
1111111111111111111001 1111111111110001110010
0000000000000000000010 0000000000001001101010
1111111111111111111111 1111111111111011000111
0000000000000000000000 0000000000000000000000
1111111111111111111111 0000000000000100111000
0000000000000000000011 1111111111110110010101
1111111111111111110111 0000000000001110001101
0000000000000000001110 1111111111101101100100
1111111111111111101010 0000000000010110001101
0000000000000000011110 1111111111100110100010
1111111111111111011001 0000000000011100001000
0000000000000000101111 1111111111100001110111
1111111111111111001000 0000000000011111011011
0000000000000000111110 1111111111100000000001
1111111111111110111011 0000000000011111110010
0000000000000001001001 1111111111100001001010
1111111111111110110100 0000000000011101001011
0000000000000001001010 1111111111100101001011
1111111111111110111000 0000000000010111110101
0000000000000000111111 1111111111101011101100
1111111111111111001001 0000000000010000010010
0000000000000000101001 1111111111110100000111
1111111111111111100101 0000000000000111001101
0000000000000000001001 1111111111111101101001
0000000000000000001010 1111111111111101011100
1111111111111111100000 0000000000000111011001
0000000000000000110110 1111111111110011111100
1111111111111110110010 0000000000010000011100
0000000000000001100011 1111111111101011100011
1111111111111110000101 0000000000010111111110
0000000000000010001110 1111111111100101000100
1111111111111101011111 0000000000011101010000
0000000000000010101111 1111111111100001000110
1111111111111101000100 0000000000011111110011
0000000000000011000011 1111111111100000000001
1111111111111100111001 0000000000011111011000
0000000000000011000011 1111111111100001111100
1111111111111101000100 0000000000011100000010
0000000000000010101111 1111111111100110101001
1111111111111101100011 0000000000010110000100
0000000000000010000100 1111111111101101101111
1111111111111110010110 0000000000001110000010
0000000000000001001000 1111111111110110100001
1111111111111111011011 0000000000000100101100
1111111111111111111101 0000000000000000001100
0000000000000000101010 1111111111111010111010
1111111111111110101011 0000000000001001110110
0000000000000001111101 1111111111110001100111
1111111111111101011010 0000000000010010100101
0000000000000011001011 1111111111101001101001
1111111111111100010010 0000000000011001100101
0000000000000100001011 1111111111100011110001
1111111111111011011010 0000000000011110001100
0000000000000100110111 1111111111100000100010
1111111111111010111101 0000000000011111111110
0000000000000101000111 1111111111100000001111
1111111111111010111100 0000000000011110110010
0000000000000100110111 1111111111100010111010
1111111111111011011100 0000000000011010101101
0000000000000100000111 1111111111101000010010
1111111111111100011100 0000000000010100001001
0000000000000010111000 1111111111101111111000
1111111111111101110110 0000000000001011101100
0000000000000001010011 1111111111111000111111
1111111111111111100101 0000000000000010001010
1111111111111111011110 0000000000000010101111
0000000000000001011110 1111111111111000011010
1111111111111101100100 0000000000001100001111
0000000000000011010110 1111111111101111011000
1111111111111011110001 0000000000010100100110
0000000000000101000001 1111111111100111111001
1111111111111010010010 0000000000011011000010
0000000000000110010011 1111111111100010101010
1111111111111001010000 0000000000011110111100
0000000000000111000010 1111111111100000001011
1111111111111000110100 0000000000011111111101
0000000000000111001000 1111111111100000101001
1111111111111001000100 0000000000011101111111
0000000000000110100010 1111111111100100000011
1111111111111010000000 0000000000011001001110
0000000000000101010001 1111111111101010000100
1111111111111011100110 0000000000010010000110
0000000000000011011010 1111111111110010001000
1111111111111101101011 0000000000001001010010
0000000000000001001000 1111111111111011011111
0000000000000000000110 1111111111111111100110
1111111111111110100111 0000000000000101010001
0000000000000010101001 1111111111110101111101
1111111111111100000110 0000000000001110100100
0000000000000101000100 1111111111101101010000
1111111111111001110110 0000000000010110011111
0000000000000111000111 1111111111100110010011
1111111111111000000100 0000000000011100010100
0000000000001000100101 1111111111100001101111
1111111111110110111110 0000000000011111011111
0000000000001001010001 1111111111100000000000
1111111111110110101011 0000000000011111101111
0000000000001001001000 1111111111100001010001
1111111111110111010011 0000000000011101000000
0000000000001000000100 1111111111100101011001
1111111111111000110000 0000000000010111100101
0000000000000110001100 1111111111101100000000
1111111111111011000000 0000000000001111111100
0000000000000011101000 1111111111110100011110
1111111111111101110100 0000000000000110110100
0000000000000000101000 1111111111111110000010
0000000000000000111110 1111111111111101000011
1111111111111101011011 0000000000000111110001
0000000000000100001001 1111111111110011100100
1111111111111010010101 0000000000010000110010
0000000000000111000100 1111111111101011001111
1111111111110111101010 0000000000011000001110
0000000000001001011100 1111111111100100110111
1111111111110101101011 0000000000011101011010
0000000000001010111111 1111111111100001000000
1111111111110100100110 0000000000011111110110
0000000000001011100011 1111111111100000000011
1111111111110100100100 0000000000011111010011
0000000000001011000001 1111111111100010000100
1111111111110101101001 0000000000011011110101
0000000000001001011011 1111111111100110111001
1111111111110111101111 0000000000010101110001
0000000000000110110111 1111111111101110000011
1111111111111010101110 0000000000001101101011
0000000000000011100011 1111111111110110111001
1111111111111110010011 0000000000000100010011
1111111111111111110001 0000000000000000100101
0000000000000010001011 1111111111111010100001
1111111111111011111001 0000000000001010001110
0000000000000101111111 1111111111110001010000
1111111111111000001111 0000000000010010111001
0000000000001001010111 1111111111101001010111
1111111111110101001110 0000000000011001110100
0000000000001011111101 1111111111100011100110
1111111111110011000110 0000000000011110010100
0000000000001101100001 1111111111100000011110
1111111111110010001010 0000000000011111111111
0000000000001101110100 1111111111100000010010
1111111111110010011111 0000000000011110101011
0000000000001100110100 1111111111100011000100
1111111111110100001001 0000000000011010011111
0000000000001010100011 1111111111101000100011
1111111111110110111110 0000000000010011110101
0000000000000111001110 1111111111110000001110
1111111111111010110001 0000000000001011010101
0000000000000011000101 1111111111111001010111
1111111111111111001010 0000000000000001110001
1111111111111110100001 0000000000000011001000
0000000000000011110011 1111111111111000000010
1111111111111001111011 0000000000001100100110
0000000000001000001100 1111111111101111000011
1111111111110101110011 0000000000010100111001
0000000000001011111110 1111111111100111101001
1111111111110010011111 0000000000011011001111
0000000000001110101110 1111111111100010100000
1111111111110000011000 0000000000011111000010
0000000000010000001010 1111111111100000001000
1111111111101111101011 0000000000011111111100
0000000000010000000110 1111111111100000101111
1111111111110000011111 0000000000011101110110
0000000000001110100000 1111111111100100010000
1111111111110010110101 0000000000011000111110
0000000000001011011111 1111111111101010010111
1111111111110110100000 0000000000010001110001
0000000000000111010001 1111111111110010011111
1111111111111011001011 0000000000001000111010
0000000000000010010000 1111111111111011111000
0000000000000000011011 1111111111111111001101
1111111111111100110110 0000000000000101101010
0000000000000101110100 1111111111110101100101
1111111111110111100111 0000000000001110111010
0000000000001010110011 1111111111101100111100
1111111111110011000000 0000000000010110110000
0000000000001110111010 1111111111100110000100
1111111111101111100000 0000000000011100011111
0000000000010001101100 1111111111100001100111
1111111111101101011110 0000000000011111100011
0000000000010010111010 1111111111100000000000
1111111111101101001010 0000000000011111101011
0000000000010010010110 1111111111100001011000
1111111111101110100101 0000000000011100110101
0000000000010000000010 1111111111100101100111
1111111111110001101111 0000000000010111010011
0000000000001100001000 1111111111101100010100
1111111111110110010011 0000000000001111100110
0000000000000110111110 1111111111110100110110
1111111111111011111100 0000000000000110011011
0000000000000001000000 1111111111111110011011
0000000000000010000111 1111111111111100101010
1111111111111010110001 0000000000001000001001
0000000000001000010000 1111111111110011001101
1111111111110100110111 0000000000010001000111
0000000000001101110001 1111111111101010111100
1111111111101111110111 0000000000011000011111
0000000000010010001001 1111111111100100101010
1111111111101100001111 0000000000011101100100
0000000000010100111001 1111111111100000111010
1111111111101010011010 0000000000011111111000
0000000000010101110000 1111111111100000000100
1111111111101010100100 0000000000011111001110
0000000000010100100100 1111111111100010001101
1111111111101100110010 0000000000011011101001
0000000000010001011001 1111111111100111001000
1111111111110000110111 0000000000010101011111
0000000000001100011110 1111111111101110011000
1111111111110110100000 0000000000001101010100
0000000000000110010000 1111111111110111010001
1111111111111101001010 0000000000000011111010
1111111111111111010010 0000000000000000111110
0000000000000100010010 1111111111111010001001
1111111111111000001100 0000000000001010100110
0000000000001011001100 1111111111110000111010
1111111111110001101001 0000000000010011001110
0000000000010001001101 1111111111101001000110
1111111111101100010011 0000000000011010000011
0000000000010101110000 1111111111100011011010
1111111111101000101011 0000000000011110011100
0000000000011000010110 1111111111100000011010
1111111111100111001100 0000000000011111111111
0000000000011000101100 1111111111100000010110
1111111111101000000000 0000000000011110100100
0000000000010110101110 1111111111100011001111
1111111111101011000111 0000000000011010010001
0000000000010010100010 1111111111101000110100
1111111111110000010001 0000000000010011100010
0000000000001100100000 1111111111110000100100
1111111111110111000100 0000000000001010111101
0000000000000101000111 1111111111111001110000
1111111111111110110111 0000000000000001011000
1111111111111101000100 0000000000000011100001
0000000000000110111110 1111111111110111101010
1111111111110101000110 0000000000001100111101
0000000000001110101000 1111111111101110101101
1111111111101101111100 0000000000010101001100
0000000000010101000101 1111111111100111011001
1111111111101000010100 0000000000011011011100
0000000000011001101110 1111111111100010010111
1111111111100100110011 0000000000011111001000
0000000000011100000001 1111111111100000000110
1111111111100011110010 0000000000011111111010
0000000000011011101111 1111111111100000110100
1111111111100101011010 0000000000011101101101
0000000000011000110011 1111111111100100011100
1111111111101001100101 0000000000011000101111
0000000000010011011101 1111111111101010101010
1111111111101111111111 0000000000010001011100
0000000000001100001000 1111111111110010110110
1111111111111000000100 0000000000001000100010
0000000000000011011110 1111111111111100010001
0000000000000001000110 1111111111111110110100
1111111111111010010000 0000000000000110000011
0000000000001010010001 1111111111110101001110
1111111111110001011000 0000000000001111010000
0000000000010010101011 1111111111101100101000
1111111111101001101001 0000000000010111000010
0000000000011001100010 1111111111100101110101
1111111111100011110110 0000000000011100101011
0000000000011110001000 1111111111100001011111
1111111111100000100011 0000000000011111100111
0000000000011111111111 1111111111100000000000
1111111111100000001011 0000000000011111100111
0000000000011110111000 1111111111100001011111
1111111111100010110010 0000000000011100101010
0000000000011010110100 1111111111100101110101
1111111111101000001111 0000000000010111000010
0000000000010100000110 1111111111101100101000
1111111111110000000011 0000000000001111010000
0000000000001011010100 1111111111110101001110
1111111111111001100111 0000000000000110000011
0000000000000001001111 1111111111111110110100
0000000000000011111110 1111111111111100010001
1111111111110110110011 0000000000001000100010
0000000000001110001111 1111111111110010110110
1111111111101100111110 0000000000010001011100
0000000000010111011001 1111111111101010101010
1111111111100100101101 0000000000011000101111
0000000000011110100101 1111111111100100011101
1111111111011110110011 0000000000011101101101
0000000000100011000010 1111111111100000110100
1111111111011011111010 0000000000011111111010
0000000000100100010010 1111111111100000000110
1111111111011100010110 0000000000011111001000
0000000000100010001000 1111111111100010010111
1111111111100000001011 0000000000011011011100
0000000000011100101101 1111111111100111011000
1111111111100111000111 0000000000010101001100
0000000000010100011001 1111111111101110101101
1111111111110000100101 0000000000001100111101
0000000000001001111110 1111111111110111101001
1111111111111011110000 0000000000000011100001
1111111111111110010101 0000000000000001010111
0000000000000111100110 1111111111111001110000
1111111111110010100011 0000000000001010111101
0000000000010011000010 1111111111110000100100
1111111111100111101111 0000000000010011100001
0000000000011100111101 1111111111101000110100
1111111111011110111101 0000000000011010010001
0000000000100100011000 1111111111100011001111
1111111111011001000101 0000000000011110100100
0000000000101000100011 1111111111100000010110
1111111111010110101110 0000000000011111111111
0000000000101000111111 1111111111100000011010
1111111111011000001110 0000000000011110011100
0000000000100101100100 1111111111100011011010
1111111111011101100011 0000000000011010000011
0000000000011110011111 1111111111101001000110
1111111111100110001111 0000000000010011001110
0000000000010100010101 1111111111110000111010
1111111111110001100111 0000000000001010100110
0000000000000111111111 1111111111111010001001
1111111111111110101001 0000000000000000111110
1111111111111010100101 0000000000000011111010
0000000000001100001001 1111111111110111010001
1111111111101101010100 0000000000001101010100
0000000000011000110101 1111111111101110011000
1111111111100001011110 0000000000010101011111
0000000000100011100010 1111111111100111001001
1111111111011000001101 0000000000011011101001
0000000000101011001000 1111111111100010001101
1111111111010010011111 0000000000011111001110
0000000000101110110110 1111111111100000000100
1111111111010000111001 0000000000011111111000
0000000000101110001110 1111111111100000111010
1111111111010011110000 0000000000011101100100
0000000000101001001100 1111111111100100101001
1111111111011010110110 0000000000011000011111
0000000000100000001001 1111111111101010111100
1111111111100101101011 0000000000010001000111
0000000000010011110011 1111111111110011001101
1111111111110011010010 0000000000001000001001
0000000000000101001110 1111111111111100101010
0000000000000010011110 1111111111111110011011
1111111111110101110001 0000000000000110011011
0000000000010001110101 1111111111110100110110
1111111111100110110111 0000000000001111100110
0000000000011111111100 1111111111101100010011
1111111111011001111010 0000000000010111010011
0000000000101011011010 1111111111100101100111
1111111111010000001110 0000000000011100110110
0000000000110011000101 1111111111100001011000
1111111111001010110001 0000000000011111101011
0000000000110110001001 1111111111100000000000
1111111111001010001110 0000000000011111100011
0000000000110100001000 1111111111100001100111
1111111111001110110000 0000000000011100011111
0000000000101101001001 1111111111100110000100
1111111111011000000110 0000000000010110110001
0000000000100001101010 1111111111101100111100
1111111111100101011110 0000000000001110111010
0000000000010010101010 1111111111110101100101
1111111111110101110001 0000000000000101101010
0000000000000001011011 1111111111111111001101
0000000000000111100001 1111111111111011111000
1111111111101111100101 0000000000001000111010
0000000000011001000100 1111111111110010011111
1111111111011110101111 0000000000010001110001
0000000000101000110001 1111111111101010010111
1111111111010000100100 0000000000011000111110
0000000000110101000100 1111111111100100010000
1111111111000110011110 0000000000011101110110
0000000000111100101100 1111111111100000101111
1111111111000001100000 0000000000011111111100
0000000000111110110100 1111111111100000001000
1111111111000010010110 0000000000011111000010
0000000000111011000001 1111111111100010100000
1111111111001001000011 0000000000011011001111
0000000000110001100000 1111111111100111101001
1111111111010101001011 0000000000010100111001
0000000000100011000000 1111111111101111000010
1111111111100101110000 0000000000001100100111
0000000000010000101101 1111111111111000000010
1111111111111001010111 0000000000000011001000
1111111111111100001111 0000000000000001110001
0000000000001110001110 1111111111111001010111
1111111111100111011101 0000000000001011010101
0000000000100010011011 1111111111110000001110
1111111111010100010101 0000000000010011110101
0000000000110100000000 1111111111101000100011
1111111111000100101110 0000000000011010011111
0000000001000001010000 1111111111100011000100
1111111110111010001110 0000000000011110101011
0000000001001000101110 1111111111100000010010
1111111110110110000000 0000000000011111111111
0000000001001001100010 1111111111100000011110
1111111110111000101010 0000000000011110010100
0000000001000011011000 1111111111100011100110
1111111111000010001101 0000000000011001110100
0000000000110110101000 1111111111101001010111
1111111111010001111101 0000000000010010111001
0000000000100100001101 1111111111110001010000
1111111111100110101010 0000000000001010001110
0000000000001101101010 1111111111111010100001
1111111111111110100001 0000000000000000100101
1111111111110101000001 0000000000000100010011
0000000000010111011000 1111111111110110111001
1111111111011100100010 0000000000001101101011
0000000000101110111011 1111111111101110000011
1111111111000110011111 0000000000010101110001
0000000001000010111010 1111111111100110111001
1111111110110101000110 0000000000011011110101
0000000001010001010001 1111111111100010000100
1111111110101010001011 0000000000011111010011
0000000001011000011011 1111111111100000000011
1111111110100111000000 0000000000011111110110
0000000001010111011101 1111111111100001000000
1111111110101100001011 0000000000011101011010
0000000001001110000110 1111111111100100110111
1111111110111001100100 0000000000011000001110
0000000000111100111011 1111111111101011001111
1111111111001110001101 0000000000010000110010
0000000000100101001110 1111111111110011100100
1111111111101000011101 0000000000000111110001
0000000000001001000000 1111111111111101000011
0000000000000110000011 1111111111111110000010
1111111111101010101101 0000000000000110110100
0000000000100100010110 1111111111110100011110
1111111111001101001000 0000000000001111111100
0000000001000000011111 1111111111101100000000
1111111110110011001000 0000000000010111100100
0000000001010111101101 1111111111100101011001
1111111110011111010010 0000000000011101000000
0000000001100111100110 1111111111100001010001
1111111110010011110100 0000000000011111101110
0000000001101110010100 1111111111100000000000
1111111110010010001000 0000000000011111011111
0000000001101010110010 1111111111100001101111
1111111110011010111001 0000000000011100010100
0000000001011100110111 1111111111100110010011
1111111110101101110000 0000000000010110011111
0000000001000101011000 1111111111101101010000
1111111111001001011100 0000000000001110100100
0000000000100110000101 1111111111110101111101
1111111111101011101110 0000000000000101010001
0000000000000001100001 1111111111111111100110
0000000000010001101111 1111111111111011100000
1111111111011010111010 0000000000001001010010
0000000000111000000010 1111111111110010001001
1111111110110101110011 0000000000010010000110
0000000001011011000100 1111111111101010000101
1111111110010101110010 0000000000011001001110
0000000001110111010000 1111111111100100000100
1111111101111110001010 0000000000011101111111
0000000010001001100110 1111111111100000101001
1111111101110001101011 0000000000011111111101
0000000010001111110000 1111111111100000001011
1111111101110010001001 0000000000011110111100
0000000010001000011110 1111111111100010101010
1111111110000000010011 0000000000011011000010
0000000001110011100100 1111111111100111111001
1111111110011011101001 0000000000010100100110
0000000001010010001110 1111111111101111011000
1111111111000010011100 0000000000001100001111
0000000000100110101111 1111111111111000011010
1111111111110001101111 0000000000000010101111
1111111111110100100110 0000000000000010001010
0000000000100101101001 1111111111111000111111
1111111111000000000100 0000000000001011101100
0000000001011001100101 1111111111101111111000
1111111110001101111110 0000000000010100001001
0000000010001000101001 1111111111101000010010
1111111101100011001011 0000000000011010101101
0000000010101101111111 1111111111100010111010
1111111101000100010101 0000000000011110110010
0000000011000101011000 1111111111100000001111
1111111100110101010000 0000000000011111111111
0000000011001011011110 1111111111100000100010
1111111100111000101010 0000000000011110001100
0000000010111110001111 1111111111100011110001
1111111101001111110011 0000000000011001100101
0000000010011101010011 1111111111101001101001
1111111101111010001111 0000000000010010100101
0000000001101001111011 1111111111110001100111
1111111110110101110001 0000000000001001110110
0000000000100111001110 1111111111111010111010
1111111111111110011101 0000000000000000001100
1111111111011001111100 0000000000000100101100
0000000001001110110101 1111111111110110100001
1111111110001000001001 0000000000001110000010
0000000010100000001101 1111111111101101101111
1111111100111001000011 0000000000010110000100
0000000011101011001000 1111111111100110101001
1111111011110100001111 0000000000011100000010
0000000100100111111001 1111111111100001111100
1111111011000001010110 0000000000011111011000
0000000101001111001000 1111111111100000000001
1111111010100111011011 0000000000011111110011
0000000101011010010010 1111111111100001000110
1111111010101100010011 0000000000011101010000
0000000101000100010101 1111111111100101000100
1111111011010100000111 0000000000010111111110
0000000100001010000110 1111111111101011100011
1111111100100000111111 0000000000010000011100
0000000010101010101011 1111111111110011111011
1111111110010010100111 0000000000000111011001
0000000000100111100000 1111111111111101011100
0000000000100110010100 1111111111111101101001
1111111110000100100011 0000000000000111001100
0000000011010110111100 1111111111110100000111
1111111011001000000100 0000000000010000010010
0000000110011101001101 1111111111101011101100
1111110111111010010010 0000000000010111110101
0000001001110000000110 1111111111100101001011
1111110100100100111001 0000000000011101001011
0000001101000101010011 1111111111100001001010
1111110001010010100110 0000000000011111110010
0000010000010001111110 1111111111100000000001
1111101110001110010010 0000000000011111011011
0000010011001011010010 1111111111100001110111
1111101011100010011101 0000000000011100001000
0000010101100111010010 1111111111100110100010
1111101001011000011110 0000000000010110001101
0000010111011101010110 1111111111101101100100
1111100111110111111101 0000000000001110001101
0000011000100110111101 1111111111110110010101
1111100111000110010011 0000000000000100111001
