128 0
-6 128
-127 -13
19 -127
125 25
-31 124
-122 -38
44 -120
118 49
-55 115
-113 -61
66 -109
106 72
-77 102
-98 -82
87 -94
90 91
-96 85
-80 -100
104 -75
70 107
-110 65
-59 -114
116 -53
48 119
-121 42
-36 -123
125 -29
23 126
-127 17
-11 -128
128 -4
-2 128
-128 -8
15 -127
126 21
-27 125
-124 -33
40 -122
120 46
-51 117
-115 -57
63 -112
108 68
-74 105
-101 -79
84 -97
93 88
-93 88
-84 -97
101 -79
74 105
-108 68
-63 -112
115 -57
51 117
-120 46
-40 -122
124 -33
27 125
-126 21
-15 -127
128 -8
2 128
-128 -4
11 -128
127 17
-23 126
-125 -29
36 -123
121 42
-48 119
-116 -53
59 -114
110 65
-70 107
-104 -75
80 -100
96 85
-90 91
-87 -94
98 -82
77 102
-106 72
-66 -109
113 -61
55 115
-118 49
-44 -120
122 -38
31 124
-125 25
-19 -127
127 -13
6 128
-128 0
6 -128
127 13
-19 127
-125 -25
31 -124
122 38
-44 120
-118 -49
55 -115
113 61
-66 109
-106 -72
77 -102
98 82
-87 94
-90 -91
96 -85
80 100
-104 75
-70 -107
110 -65
59 114
-116 53
-48 -119
121 -42
36 123
-125 29
-23 -126
127 -17
11 128
-128 4
2 -128
128 8
-15 127
-126 -21
27 -125
124 33
-40 122
-120 -46
51 -117
115 57
-63 112
-108 -68
74 -105
101 79
-84 97
-93 -88
93 -88
84 97
-101 79
-74 -105
108 -68
63 112
-115 57
-51 -117
120 -46
40 122
-124 33
-27 -125
126 -21
15 127
-128 8
-2 -128
128 4
-11 128
-127 -17
23 -126
125 29
-36 123
-121 -42
48 -119
116 53
-59 114
-110 -65
70 -107
104 75
-80 100
-96 -85
90 -91
87 94
-98 82
-77 -102
106 -72
66 109
-113 61
-55 -115
118 -49
44 120
-122 38
-31 -124
125 -25
19 127
-127 13
-6 -128
128 0
-6 128
-127 -13
19 -127
125 25
-31 124
-122 -38
44 -120
118 49
-55 115
-113 -61
66 -109
106 72
-77 102
-98 -82
87 -94
90 91
-96 85
-80 -100
104 -75
70 107
-110 65
-59 -114
116 -53
48 119
-121 42
-36 -123
125 -29
23 126
-127 17
-11 -128
128 -4
-2 128
-128 -8
15 -127
126 21
-27 125
-124 -33
40 -122
120 46
-51 117
-115 -57
63 -112
108 68
-74 105
-101 -79
84 -97
93 88
-93 88
-84 -97
101 -79
74 105
-108 68
-63 -112
115 -57
51 117
-120 46
-40 -122
124 -33
27 125
-126 21
-15 -127
128 -8
2 128
-128 -4
11 -128
127 17
-23 126
-125 -29
36 -123
121 42
-48 119
-116 -53
59 -114
110 65
-70 107
-104 -75
80 -100
96 85
-90 91
-87 -94
98 -82
77 102
-106 72
-66 -109
113 -61
55 115
-118 49
-44 -120
122 -38
31 124
-125 25
-19 -127
127 -13
6 128
-128 0
6 -128
127 13
-19 127
-125 -25
31 -124
122 38
-44 120
-118 -49
55 -115
113 61
-66 109
-106 -72
77 -102
98 82
-87 94
-90 -91
96 -85
80 100
-104 75
-70 -107
110 -65
59 114
-116 53
-48 -119
121 -42
36 123
-125 29
-23 -126
127 -17
11 128
-128 4
2 -128
128 8
-15 127
-126 -21
27 -125
124 33
-40 122
-120 -46
51 -117
115 57
-63 112
-108 -68
74 -105
101 79
-84 97
-93 -88
93 -88
84 97
-101 79
-74 -105
108 -68
63 112
-115 57
-51 -117
120 -46
40 122
-124 33
-27 -125
126 -21
15 127
-128 8
-2 -128
128 4
-11 128
-127 -17
23 -126
125 29
-36 123
-121 -42
48 -119
116 53
-59 114
-110 -65
70 -107
104 75
-80 100
-96 -85
90 -91
87 94
-98 82
-77 -102
106 -72
66 109
-113 61
-55 -115
118 -49
44 120
-122 38
-31 -124
125 -25
19 127
-127 13
-6 -128
128 0
-6 128
-127 -13
19 -127
125 25
-31 124
-122 -38
44 -120
118 49
-55 115
-113 -61
66 -109
106 72
-77 102
-98 -82
87 -94
90 91
-96 85
-80 -100
104 -75
70 107
-110 65
-59 -114
116 -53
48 119
-121 42
-36 -123
125 -29
23 126
-127 17
-11 -128
128 -4
-2 128
-128 -8
15 -127
126 21
-27 125
-124 -33
40 -122
120 46
-51 117
-115 -57
63 -112
108 68
-74 105
-101 -79
84 -97
93 88
-93 88
-84 -97
101 -79
74 105
-108 68
-63 -112
115 -57
51 117
-120 46
-40 -122
124 -33
27 125
-126 21
-15 -127
128 -8
2 128
-128 -4
11 -128
127 17
-23 126
-125 -29
36 -123
121 42
-48 119
-116 -53
59 -114
110 65
-70 107
-104 -75
80 -100
96 85
-90 91
-87 -94
98 -82
77 102
-106 72
-66 -109
113 -61
55 115
-118 49
-44 -120
122 -38
31 124
-125 25
-19 -127
127 -13
6 128
-128 0
6 -128
127 13
-19 127
-125 -25
31 -124
122 38
-44 120
-118 -49
55 -115
113 61
-66 109
-106 -72
77 -102
98 82
-87 94
-90 -91
96 -85
80 100
-104 75
-70 -107
110 -65
59 114
-116 53
-48 -119
121 -42
36 123
-125 29
-23 -126
127 -17
11 128
-128 4
2 -128
128 8
-15 127
-126 -21
27 -125
124 33
-40 122
-120 -46
51 -117
115 57
-63 112
-108 -68
74 -105
101 79
-84 97
-93 -88
93 -88
84 97
-101 79
-74 -105
108 -68
63 112
-115 57
-51 -117
120 -46
40 122
-124 33
-27 -125
126 -21
15 127
-128 8
-2 -128
128 4
-11 128
-127 -17
23 -126
125 29
-36 123
-121 -42
48 -119
116 53
-59 114
-110 -65
70 -107
104 75
-80 100
-96 -85
90 -91
87 94
-98 82
-77 -102
106 -72
66 109
-113 61
-55 -115
118 -49
44 120
-122 38
-31 -124
125 -25
19 127
-127 13
-6 -128
128 0
-6 128
-127 -13
19 -127
125 25
-31 124
-122 -38
44 -120
118 49
-55 115
-113 -61
66 -109
106 72
-77 102
-98 -82
87 -94
90 91
-96 85
-80 -100
104 -75
70 107
-110 65
-59 -114
116 -53
48 119
-121 42
-36 -123
125 -29
23 126
-127 17
-11 -128
128 -4
-2 128
-128 -8
15 -127
126 21
-27 125
-124 -33
40 -122
120 46
-51 117
-115 -57
63 -112
108 68
-74 105
-101 -79
84 -97
93 88
-93 88
-84 -97
101 -79
74 105
-108 68
-63 -112
115 -57
51 117
-120 46
-40 -122
124 -33
27 125
-126 21
-15 -127
128 -8
2 128
-128 -4
11 -128
127 17
-23 126
-125 -29
36 -123
121 42
-48 119
-116 -53
59 -114
110 65
-70 107
-104 -75
80 -100
96 85
-90 91
-87 -94
98 -82
77 102
-106 72
-66 -109
113 -61
55 115
-118 49
-44 -120
122 -38
31 124
-125 25
-19 -127
127 -13
6 128
-128 0
6 -128
127 13
-19 127
-125 -25
31 -124
122 38
-44 120
-118 -49
55 -115
113 61
-66 109
-106 -72
77 -102
98 82
-87 94
-90 -91
96 -85
80 100
-104 75
-70 -107
110 -65
59 114
-116 53
-48 -119
121 -42
36 123
-125 29
-23 -126
127 -17
11 128
-128 4
2 -128
128 8
-15 127
-126 -21
27 -125
124 33
-40 122
-120 -46
51 -117
115 57
-63 112
-108 -68
74 -105
101 79
-84 97
-93 -88
93 -88
84 97
-101 79
-74 -105
108 -68
63 112
-115 57
-51 -117
120 -46
40 122
-124 33
-27 -125
126 -21
15 127
-128 8
-2 -128
128 4
-11 128
-127 -17
23 -126
125 29
-36 123
-121 -42
48 -119
116 53
-59 114
-110 -65
70 -107
104 75
-80 100
-96 -85
90 -91
87 94
-98 82
-77 -102
106 -72
66 109
-113 61
-55 -115
118 -49
44 120
-122 38
-31 -124
125 -25
19 127
-127 13
-6 -128
128 0
-6 128
-127 -13
19 -127
125 25
-31 124
-122 -38
44 -120
118 49
-55 115
-113 -61
66 -109
106 72
-77 102
-98 -82
87 -94
90 91
-96 85
-80 -100
104 -75
70 107
-110 65
-59 -114
116 -53
48 119
-121 42
-36 -123
125 -29
23 126
-127 17
-11 -128
128 -4
-2 128
-128 -8
15 -127
126 21
-27 125
-124 -33
40 -122
120 46
-51 117
-115 -57
63 -112
108 68
-74 105
-101 -79
84 -97
93 88
-93 88
-84 -97
101 -79
74 105
-108 68
-63 -112
115 -57
51 117
-120 46
-40 -122
124 -33
27 125
-126 21
-15 -127
128 -8
2 128
-128 -4
11 -128
127 17
-23 126
-125 -29
36 -123
121 42
-48 119
-116 -53
59 -114
110 65
-70 107
-104 -75
80 -100
96 85
-90 91
-87 -94
98 -82
77 102
-106 72
-66 -109
113 -61
55 115
-118 49
-44 -120
122 -38
31 124
-125 25
-19 -127
127 -13
6 128
-128 0
6 -128
127 13
-19 127
-125 -25
31 -124
122 38
-44 120
-118 -49
55 -115
113 61
-66 109
-106 -72
77 -102
98 82
-87 94
-90 -91
96 -85
80 100
-104 75
-70 -107
110 -65
59 114
-116 53
-48 -119
121 -42
36 123
-125 29
-23 -126
127 -17
11 128
-128 4
2 -128
128 8
-15 127
-126 -21
27 -125
124 33
-40 122
-120 -46
51 -117
115 57
-63 112
-108 -68
74 -105
101 79
-84 97
-93 -88
93 -88
84 97
-101 79
-74 -105
108 -68
63 112
-115 57
-51 -117
120 -46
40 122
-124 33
-27 -125
126 -21
15 127
-128 8
-2 -128
128 4
-11 128
-127 -17
23 -126
125 29
-36 123
-121 -42
48 -119
116 53
-59 114
-110 -65
70 -107
104 75
-80 100
-96 -85
90 -91
87 94
-98 82
-77 -102
106 -72
66 109
-113 61
-55 -115
118 -49
44 120
-122 38
-31 -124
125 -25
19 127
-127 13
-6 -128
128 0
-6 128
-127 -13
19 -127
125 25
-31 124
-122 -38
44 -120
118 49
-55 115
-113 -61
66 -109
106 72
-77 102
-98 -82
87 -94
90 91
-96 85
-80 -100
104 -75
70 107
-110 65
-59 -114
116 -53
48 119
-121 42
-36 -123
125 -29
23 126
-127 17
-11 -128
128 -4
-2 128
-128 -8
15 -127
126 21
-27 125
-124 -33
40 -122
120 46
-51 117
-115 -57
63 -112
108 68
-74 105
-101 -79
84 -97
93 88
-93 88
-84 -97
101 -79
74 105
-108 68
-63 -112
115 -57
51 117
-120 46
-40 -122
124 -33
27 125
-126 21
-15 -127
128 -8
2 128
-128 -4
11 -128
127 17
-23 126
-125 -29
36 -123
121 42
-48 119
-116 -53
59 -114
