32768
16828
-3538
3623
17647
6312
-14275
-10904
7158
9222
-1594
-795
10185
11319
2039
-3947
-6368
-11492
-14378
-11768
-12680
-17419
-11439
3820
5770
-7791
-9916
5202
6985
-14760
-25836
-8034
6175
-6967
-17957
1027
23479
16363
-1265
3935
19227
13280
-5624
-7826
4604
8176
2460
4131
12655
15941
14819
14615
10026
251
-2597
2037
-2499
-15757
-14232
4159
9767
-5683
-10858
6978
14481
-7412
-25677
-13819
320
-12779
-29382
-17038
6019
5565
-8231
-4815
9980
9183
-5025
-10077
-4549
-3003
-5148
-1971
3261
5608
11336
20181
18443
6701
4998
14784
11584
-7699
-12352
6917
16922
1581
-6857
12295
27107
10148
-11110
-4697
8738
-3016
-23844
-20532
-2344
26
-10308
-8861
2922
4996
-3223
-8047
-9229
-13059
-14620
-10681
-10285
-13762
-6589
9770
12707
0
-1420
14242
16396
-5157
-16225
1402
15256
1586
-10096
8047
29524
21317
2504
6447
20434
13159
-7070
-10571
613
3016
-3771
-3053
4656
7280
5661
5133
403
-9331
-11954
-6917
-10879
-23404
-20998
-1599
5128
-9115
-13018
6132
14965
-5608
-22586
-9501
5783
-6275
-21961
-8843
14833
14830
1308
4815
19518
18447
3789
-1881
2872
3500
315
2347
6352
7412
11819
19335
16284
3269
359
9026
4817
-15345
-20732
-2037
7565
-8001
-16481
2813
17949
1486
-19109
-11881
2507
-8176
-27834
-23276
-3791
-95
-9101
-6349
6691
9950
2822
-1027
-1367
-4506
-5539
-1245
-673
-4159
2823
18810
21204
7791
5517
20192
21247
-1500
-13830
2489
15014
20
-12956
3947
24262
14994
-4759
-1619
11720
3963
-16573
-20198
-8956
-6312
-12680
-11373
-2916
600
0
600
-2916
-11373
-12680
-6312
-8956
-20198
-16573
3963
11720
-1619
-4759
14994
24262
3947
-12956
20
15014
2489
-13830
-1500
21247
20192
5517
7791
21204
18810
2823
-4159
-673
-1245
-5539
-4506
-1367
-1027
2822
9950
6691
-6349
-9101
-95
-3791
-23276
-27834
-8176
2507
-11881
-19109
1486
17949
2813
-16481
-8001
7565
-2037
-20732
-15345
4817
9026
359
3269
16284
19335
11819
7412
6352
2347
315
3500
2872
-1881
3789
18447
19518
4815
1308
14830
14833
-8843
-21961
-6275
5783
-9501
-22586
-5608
14965
6132
-13018
-9115
5128
-1599
-20998
-23404
-10879
-6917
-11954
-9331
403
5133
5661
7280
4656
-3053
-3771
3016
613
-10571
-7070
13159
20434
6447
2504
21317
29524
8047
-10096
1586
15256
1402
-16225
-5157
16396
14242
-1420
0
12707
9770
-6589
-13762
-10285
-10681
-14620
-13059
-9229
-8047
-3223
4996
2922
-8861
-10308
26
-2344
-20532
-23844
-3016
8738
-4697
-11110
10148
27107
12295
-6857
1581
16922
6917
-12352
-7699
11584
14784
4998
6701
18443
20181
11336
5608
3261
-1971
-5148
-3003
-4549
-10077
-5025
9183
9980
-4815
-8231
5565
6019
-17038
-29382
-12779
320
-13819
-25677
-7412
14481
6978
-10858
-5683
9767
4159
-14232
-15757
-2499
2037
-2597
251
10026
14615
14819
15941
12655
4131
2460
8176
4604
-7826
-5624
13280
19227
3935
-1265
16363
23479
1027
-17957
-6967
6175
-8034
-25836
-14760
6985
5202
-9916
-7791
5770
3820
-11439
-17419
-12680
-11768
-14378
-11492
-6368
-3947
2039
11319
10185
-795
-1594
9222
7158
-10904
-14275
6312
17647
3623
-3538
16828
32768
16828
-3538
3623
17647
6312
-14275
-10904
7158
9222
-1594
-795
10185
11319
2039
-3947
-6368
-11492
-14378
-11768
-12680
-17419
-11439
3820
5770
-7791
-9916
5202
6985
-14760
-25836
-8034
6175
-6967
-17957
1027
23479
16363
-1265
3935
19227
13280
-5624
-7826
4604
8176
2460
4131
12655
15941
14819
14615
10026
251
-2597
2037
-2499
-15757
-14232
4159
9767
-5683
-10858
6978
14481
-7412
-25677
-13819
320
-12779
-29382
-17038
6019
5565
-8231
-4815
9980
9183
-5025
-10077
-4549
-3003
-5148
-1971
3261
5608
11336
20181
18443
6701
4998
14784
11584
-7699
-12352
6917
16922
1581
-6857
12295
27107
10148
-11110
-4697
8738
-3016
-23844
-20532
-2344
26
-10308
-8861
2922
4996
-3223
-8047
-9229
-13059
-14620
-10681
-10285
-13762
-6589
9770
12707
0
-1420
14242
16396
-5157
-16225
1402
15256
1586
-10096
8047
29524
21317
2504
6447
20434
13159
-7070
-10571
613
3016
-3771
-3053
4656
7280
5661
5133
403
-9331
-11954
-6917
-10879
-23404
-20998
-1599
5128
-9115
-13018
6132
14965
-5608
-22586
-9501
5783
-6275
-21961
-8843
14833
14830
1308
4815
19518
18447
3789
-1881
2872
3500
315
2347
6352
7412
11819
19335
16284
3269
359
9026
4817
-15345
-20732
-2037
7565
-8001
-16481
2813
17949
1486
-19109
-11881
2507
-8176
-27834
-23276
-3791
-95
-9101
-6349
6691
9950
2822
-1027
-1367
-4506
-5539
-1245
-673
-4159
2823
18810
21204
7791
5517
20192
21247
-1500
-13830
2489
15014
20
-12956
3947
24262
14994
-4759
-1619
11720
3963
-16573
-20198
-8956
-6312
-12680
-11373
-2916
600
0
600
-2916
-11373
-12680
-6312
-8956
-20198
-16573
3963
11720
-1619
-4759
14994
24262
3947
-12956
20
15014
2489
-13830
-1500
21247
20192
5517
7791
21204
18810
2823
-4159
-673
-1245
-5539
-4506
-1367
-1027
2822
9950
6691
-6349
-9101
-95
-3791
-23276
-27834
-8176
2507
-11881
-19109
1486
17949
2813
-16481
-8001
7565
-2037
-20732
-15345
4817
9026
359
3269
16284
19335
11819
7412
6352
2347
315
3500
2872
-1881
3789
18447
19518
4815
1308
14830
14833
-8843
-21961
-6275
5783
-9501
-22586
-5608
14965
6132
-13018
-9115
5128
-1599
-20998
-23404
-10879
-6917
-11954
-9331
403
5133
5661
7280
4656
-3053
-3771
3016
613
-10571
-7070
13159
20434
6447
2504
21317
29524
8047
-10096
1586
15256
1402
-16225
-5157
16396
14242
-1420
0
12707
9770
-6589
-13762
-10285
-10681
-14620
-13059
-9229
-8047
-3223
4996
2922
-8861
-10308
26
-2344
-20532
-23844
-3016
8738
-4697
-11110
10148
27107
12295
-6857
1581
16922
6917
-12352
-7699
11584
14784
4998
6701
18443
20181
11336
5608
3261
-1971
-5148
-3003
-4549
-10077
-5025
9183
9980
-4815
-8231
5565
6019
-17038
-29382
-12779
320
-13819
-25677
-7412
14481
6978
-10858
-5683
9767
4159
-14232
-15757
-2499
2037
-2597
251
10026
14615
14819
15941
12655
4131
2460
8176
4604
-7826
-5624
13280
19227
3935
-1265
16363
23479
1027
-17957
-6967
6175
-8034
-25836
-14760
6985
5202
-9916
-7791
5770
3820
-11439
-17419
-12680
-11768
-14378
-11492
-6368
-3947
2039
11319
10185
-795
-1594
9222
7158
-10904
-14275
6312
17647
3623
-3538
16828
32768
16828
-3538
3623
17647
6312
-14275
-10904
7158
9222
-1594
-795
10185
11319
2039
-3947
-6368
-11492
-14378
-11768
-12680
-17419
-11439
3820
