01111111 00000000
11111010 01111111
10000001 11110011
00010011 10000001
01111101 00011001
11100001 01111100
10000110 11011010
00101100 10001000
01110110 00110001
11001001 01110011
10001111 11000011
01000010 10010011
01101010 01001000
10110011 01100110
10011110 10101110
01010111 10100010
01011010 01011011
10100000 01010101
10110000 10011100
01101000 10110101
01000110 01101011
10010010 01000001
11000101 10001110
01110100 11001011
00110000 01110111
10000111 00101010
11011100 10000101
01111101 11100011
00010111 01111110
10000001 00010001
11110101 10000000
01111111 11111100
11111110 01111111
10000000 11111000
00001111 10000001
01111110 00010101
11100101 01111101
10000100 11011111
00101000 10000110
01111000 00101110
11001101 01110101
10001101 11000111
00111111 10010000
01101100 01000100
10110110 01101001
10011011 10110001
01010100 10011111
01011101 01011000
10100011 01011000
10101100 10011111
01100101 10110001
01001010 01101001
10010100 01000100
11000001 10010000
01110011 11000111
00110011 01110101
10001000 00101110
11011000 10000110
01111100 11011111
00011011 01111101
10000010 00010101
11110001 10000001
01111111 11111000
00000010 01111111
10000000 11111100
00001011 10000000
01111111 00010001
11101001 01111110
10000011 11100011
00100100 10000101
01111001 00101010
11010000 01110111
10001100 11001011
00111011 10001110
01101110 01000001
10111010 01101011
10011000 10110101
01010000 10011100
01100000 01010101
10100110 01011011
10101001 10100010
01100010 10101110
01001101 01100110
10010110 01001000
10111110 10010011
01110001 11000011
00110111 01110011
10001010 00110001
11010100 10001000
01111010 11011010
00011111 01111100
10000011 00011001
11101101 10000001
01111111 11110011
00000110 01111111
10000000 00000000
00000110 10000000
01111111 00001101
11101101 01111111
10000011 11100111
00011111 10000100
01111010 00100110
11010100 01111000
10001010 11001111
00110111 10001101
01110001 00111101
10111110 01101101
10010110 10111000
01001101 10011010
01100010 01010010
10101001 01011110
10100110 10100101
01100000 10101011
01010000 01100100
10011000 01001011
10111010 10010101
01101110 10111111
00111011 01110010
10001100 00110101
11010000 10001001
01111001 11010110
00100100 01111011
10000011 00011101
11101001 10000010
01111111 11101111
00001011 01111111
10000000 00000100
00000010 10000000
01111111 00001000
11110001 01111111
10000010 11101011
00011011 10000011
01111100 00100001
11011000 01111010
10001000 11010010
00110011 10001011
01110011 00111001
11000001 01110000
10010100 10111100
01001010 10010111
01100101 01001111
10101100 01100001
10100011 10101000
01011101 10101000
01010100 01100001
10011011 01001111
10110110 10010111
01101100 10111100
00111111 01110000
10001101 00111001
11001101 10001011
01111000 11010010
00101000 01111010
10000100 00100001
11100101 10000011
01111110 11101011
00001111 01111111
10000000 00001000
11111110 10000000
01111111 00000100
11110101 01111111
10000001 11101111
00010111 10000010
01111101 00011101
11011100 01111011
10000111 11010110
00110000 10001001
01110100 00110101
11000101 01110010
10010010 10111111
01000110 10010101
01101000 01001011
10110000 01100100
10100000 10101011
01011010 10100101
01010111 01011110
10011110 01010010
10110011 10011010
01101010 10111000
01000010 01101101
10001111 00111101
11001001 10001101
01110110 11001111
00101100 01111000
10000110 00100110
11100001 10000100
01111101 11100111
00010011 01111111
10000001 00001101
11111010 10000000
01111111 00000000
11111010 01111111
10000001 11110011
00010011 10000001
01111101 00011001
11100001 01111100
10000110 11011010
00101100 10001000
01110110 00110001
11001001 01110011
10001111 11000011
01000010 10010011
01101010 01001000
10110011 01100110
10011110 10101110
01010111 10100010
01011010 01011011
10100000 01010101
10110000 10011100
01101000 10110101
01000110 01101011
10010010 01000001
11000101 10001110
01110100 11001011
00110000 01110111
10000111 00101010
11011100 10000101
01111101 11100011
00010111 01111110
10000001 00010001
11110101 10000000
01111111 11111100
11111110 01111111
10000000 11111000
00001111 10000001
01111110 00010101
11100101 01111101
10000100 11011111
00101000 10000110
01111000 00101110
11001101 01110101
10001101 11000111
00111111 10010000
01101100 01000100
10110110 01101001
10011011 10110001
01010100 10011111
01011101 01011000
10100011 01011000
10101100 10011111
01100101 10110001
01001010 01101001
10010100 01000100
11000001 10010000
01110011 11000111
00110011 01110101
10001000 00101110
11011000 10000110
01111100 11011111
00011011 01111101
10000010 00010101
11110001 10000001
01111111 11111000
00000010 01111111
10000000 11111100
00001011 10000000
01111111 00010001
11101001 01111110
10000011 11100011
00100100 10000101
01111001 00101010
11010000 01110111
10001100 11001011
00111011 10001110
01101110 01000001
10111010 01101011
10011000 10110101
01010000 10011100
01100000 01010101
10100110 01011011
10101001 10100010
01100010 10101110
01001101 01100110
10010110 01001000
10111110 10010011
01110001 11000011
00110111 01110011
10001010 00110001
11010100 10001000
01111010 11011010
00011111 01111100
10000011 00011001
11101101 10000001
01111111 11110011
00000110 01111111
10000000 00000000
00000110 10000000
01111111 00001101
11101101 01111111
10000011 11100111
00011111 10000100
01111010 00100110
11010100 01111000
10001010 11001111
00110111 10001101
01110001 00111101
10111110 01101101
10010110 10111000
01001101 10011010
01100010 01010010
10101001 01011110
10100110 10100101
01100000 10101011
01010000 01100100
10011000 01001011
10111010 10010101
01101110 10111111
00111011 01110010
10001100 00110101
11010000 10001001
01111001 11010110
00100100 01111011
10000011 00011101
11101001 10000010
01111111 11101111
00001011 01111111
10000000 00000100
00000010 10000000
01111111 00001000
11110001 01111111
10000010 11101011
00011011 10000011
01111100 00100001
11011000 01111010
10001000 11010010
00110011 10001011
01110011 00111001
11000001 01110000
10010100 10111100
01001010 10010111
01100101 01001111
10101100 01100001
10100011 10101000
01011101 10101000
01010100 01100001
10011011 01001111
10110110 10010111
01101100 10111100
00111111 01110000
10001101 00111001
11001101 10001011
01111000 11010010
00101000 01111010
10000100 00100001
11100101 10000011
01111110 11101011
00001111 01111111
10000000 00001000
11111110 10000000
01111111 00000100
11110101 01111111
10000001 11101111
00010111 10000010
01111101 00011101
11011100 01111011
10000111 11010110
00110000 10001001
01110100 00110101
11000101 01110010
10010010 10111111
01000110 10010101
01101000 01001011
10110000 01100100
10100000 10101011
01011010 10100101
01010111 01011110
10011110 01010010
10110011 10011010
01101010 10111000
01000010 01101101
10001111 00111101
11001001 10001101
01110110 11001111
00101100 01111000
10000110 00100110
11100001 10000100
01111101 11100111
00010011 01111111
10000001 00001101
11111010 10000000
01111111 00000000
11111010 01111111
10000001 11110011
00010011 10000001
01111101 00011001
11100001 01111100
10000110 11011010
00101100 10001000
01110110 00110001
11001001 01110011
10001111 11000011
01000010 10010011
01101010 01001000
10110011 01100110
10011110 10101110
01010111 10100010
01011010 01011011
10100000 01010101
10110000 10011100
01101000 10110101
01000110 01101011
10010010 01000001
11000101 10001110
01110100 11001011
00110000 01110111
10000111 00101010
11011100 10000101
01111101 11100011
00010111 01111110
10000001 00010001
11110101 10000000
01111111 11111100
11111110 01111111
10000000 11111000
00001111 10000001
01111110 00010101
11100101 01111101
10000100 11011111
00101000 10000110
01111000 00101110
11001101 01110101
10001101 11000111
00111111 10010000
01101100 01000100
10110110 01101001
10011011 10110001
01010100 10011111
01011101 01011000
10100011 01011000
10101100 10011111
01100101 10110001
01001010 01101001
10010100 01000100
11000001 10010000
01110011 11000111
00110011 01110101
10001000 00101110
11011000 10000110
01111100 11011111
00011011 01111101
10000010 00010101
11110001 10000001
01111111 11111000
00000010 01111111
10000000 11111100
00001011 10000000
01111111 00010001
11101001 01111110
10000011 11100011
00100100 10000101
01111001 00101010
11010000 01110111
10001100 11001011
00111011 10001110
01101110 01000001
10111010 01101011
10011000 10110101
01010000 10011100
01100000 01010101
10100110 01011011
10101001 10100010
01100010 10101110
01001101 01100110
10010110 01001000
10111110 10010011
01110001 11000011
00110111 01110011
10001010 00110001
11010100 10001000
01111010 11011010
00011111 01111100
10000011 00011001
11101101 10000001
01111111 11110011
00000110 01111111
10000000 00000000
00000110 10000000
01111111 00001101
11101101 01111111
10000011 11100111
00011111 10000100
01111010 00100110
11010100 01111000
10001010 11001111
00110111 10001101
01110001 00111101
10111110 01101101
10010110 10111000
01001101 10011010
01100010 01010010
10101001 01011110
10100110 10100101
01100000 10101011
01010000 01100100
10011000 01001011
10111010 10010101
01101110 10111111
00111011 01110010
10001100 00110101
11010000 10001001
01111001 11010110
00100100 01111011
10000011 00011101
11101001 10000010
01111111 11101111
00001011 01111111
10000000 00000100
00000010 10000000
01111111 00001000
11110001 01111111
10000010 11101011
00011011 10000011
