0 0
-4 -16
-38 -70
-108 -136
-132 -67
86 344
703 1134
1580 1963
2194 2191
1899 1301
430 -633
-1764 -2819
-3653 -4145
-4213 -3832
-3030 -1893
-543 872
2199 3292
4036 4351
4205 3612
2636 1380
-22 -1422
-2671 -3637
-4216 -4348
-4019 -3263
-2160 -829
591 1948
3098 3919
4325 4271
3764 2857
1647 263
-1150 -2440
-3472 -4135
-4359 -4120
-3445 -2403
-1107 307
1689 2891
3786 4280
4319 3900
3066 1908
547 -872
-2199 -3292
-4036 -4351
-4205 -3612
-2636 -1380
22 1422
2671 3637
4216 4348
4019 3263
2160 829
-591 -1948
-3098 -3919
-4325 -4271
-3764 -2857
-1647 -263
1150 2440
3472 4135
4359 4120
3445 2403
1107 -307
-1689 -2891
-3786 -4280
-4319 -3900
-3066 -1908
-547 872
2199 3292
4036 4351
4205 3612
2636 1380
-22 -1422
-2671 -3637
-4216 -4348
-4019 -3263
-2160 -829
591 1948
3098 3919
4325 4271
3764 2857
1647 263
-1150 -2440
-3472 -4135
-4359 -4120
-3445 -2403
-1107 307
1689 2891
3786 4280
4319 3900
3066 1908
547 -872
-2199 -3292
-4036 -4351
-4205 -3612
-2636 -1380
22 1422
2671 3637
4216 4348
4019 3263
2160 829
-591 -1948
-3098 -3919
-4325 -4271
-3764 -2857
-1647 -263
1150 2440
3472 4135
4359 4120
3445 2403
1107 -307
-1689 -2891
-3786 -4280
-4319 -3900
-3066 -1908
-547 872
2199 3292
4036 4351
4205 3612
2636 1380
-22 -1422
-2671 -3637
-4216 -4348
-4019 -3263
-2160 -829
591 1948
3098 3919
4325 4271
3764 2857
1647 263
-1150 -2440
-3472 -4135
-4359 -4120
-3445 -2403
-1107 307
1689 2891
3786 4280
4319 3900
3066 1908
547 -872
-2199 -3292
-4036 -4351
-4205 -3612
-2636 -1380
22 1422
2671 3637
4216 4348
4019 3263
2160 829
-591 -1948
-3098 -3919
-4325 -4271
-3764 -2857
-1647 -263
1150 2440
3472 4135
4359 4120
3445 2403
1107 -307
-1689 -2891
-3786 -4280
-4319 -3900
-3066 -1908
-547 872
2199 3292
4036 4351
4205 3612
2636 1380
-22 -1422
-2671 -3637
-4216 -4348
-4019 -3263
-2160 -829
591 1948
3098 3919
4325 4271
3764 2857
1647 263
-1150 -2440
-3472 -4135
-4359 -4120
-3445 -2403
-1107 307
1689 2891
3786 4280
4319 3900
3066 1908
547 -872
-2199 -3292
-4036 -4351
-4205 -3612
-2636 -1380
22 1422
2671 3637
4216 4348
4019 3263
2160 829
-591 -1948
-3098 -3919
-4325 -4271
-3764 -2857
-1647 -263
1150 2440
3472 4135
4359 4120
3445 2403
1107 -307
-1689 -2891
-3786 -4280
-4319 -3900
-3066 -1908
-547 872
2199 3292
4036 4351
4205 3612
2636 1380
-22 -1422
-2671 -3637
-4216 -4348
-4019 -3263
-2160 -829
591 1948
3098 3919
4325 4271
3764 2857
1647 263
-1150 -2440
-3472 -4135
-4359 -4120
-3445 -2403
-1107 307
1689 2891
3786 4280
4319 3900
3066 1908
547 -872
-2199 -3292
-4036 -4351
-4205 -3612
-2636 -1380
22 1422
2671 3637
4216 4348
4019 3263
2160 829
-591 -1948
-3098 -3919
-4325 -4271
-3764 -2857
-1647 -263
1150 2440
3472 4135
4359 4120
3445 2403
1107 -307
-1689 -2891
-3786 -4280
-4319 -3900
-3066 -1908
-547 872
2199 3292
4036 4351
4205 3612
2636 1380
-22 -1422
-2671 -3637
-4216 -4348
-4019 -3263
-2160 -829
591 1948
3098 3919
4325 4271
3764 2857
1647 263
-1150 -2440
-3472 -4135
-4359 -4120
-3445 -2403
-1107 307
1689 2891
3786 4280
4319 3900
3066 1908
547 -872
-2199 -3292
-4036 -4351
-4205 -3612
-2636 -1380
22 1422
2671 3637
4216 4348
4019 3263
2160 829
-591 -1948
-3098 -3919
-4325 -4271
-3764 -2857
-1647 -263
1150 2440
3472 4135
4359 4120
3445 2403
1107 -307
-1689 -2891
-3786 -4280
-4319 -3900
-3066 -1908
-547 872
2199 3292
4036 4351
4205 3612
2636 1380
-22 -1422
-2671 -3637
-4216 -4348
-4019 -3263
-2160 -829
591 1948
3098 3919
4325 4271
3764 2857
1647 263
-1150 -2440
-3472 -4135
-4359 -4120
-3445 -2403
-1107 307
1689 2891
3786 4280
4319 3900
3066 1908
547 -872
-2199 -3292
-4036 -4351
-4205 -3612
-2636 -1380
22 1422
2671 3637
4216 4348
4019 3263
2160 829
-591 -1948
-3098 -3919
-4325 -4271
-3764 -2857
-1647 -263
1150 2440
3472 4135
4359 4120
3445 2403
1107 -307
-1689 -2891
-3786 -4280
-4319 -3900
-3066 -1908
-547 872
2199 3292
4036 4351
4205 3612
2636 1380
-22 -1422
-2671 -3637
-4216 -4348
-4019 -3263
-2160 -829
591 1948
3098 3919
4325 4271
3764 2857
1647 263
-1150 -2440
-3472 -4135
-4359 -4120
-3445 -2403
-1107 307
1689 2891
3786 4280
4319 3900
3066 1908
547 -872
-2199 -3292
-4036 -4351
-4205 -3612
-2636 -1380
22 1422
2671 3637
4216 4348
4019 3263
2160 829
-591 -1948
-3098 -3919
-4325 -4271
-3764 -2857
-1647 -263
1150 2440
3472 4135
4359 4120
3445 2403
1107 -307
-1689 -2891
-3786 -4280
-4319 -3900
-3066 -1908
-547 872
2199 3292
4036 4351
4205 3612
2636 1380
-22 -1422
-2671 -3637
-4216 -4348
-4019 -3263
-2160 -829
591 1948
3098 3919
4325 4271
3764 2857
1647 263
-1150 -2440
-3472 -4135
-4359 -4120
-3445 -2403
-1107 307
1689 2891
3786 4280
4319 3900
3066 1908
547 -872
-2199 -3292
-4036 -4351
-4205 -3612
-2636 -1380
22 1422
2671 3637
4216 4348
4019 3263
2160 829
-591 -1948
-3098 -3919
-4325 -4271
-3764 -2857
-1647 -263
1150 2440
3472 4135
4359 4120
3445 2403
1107 -307
-1689 -2891
-3786 -4280
-4319 -3900
-3066 -1908
-547 872
2199 3292
4036 4351
4205 3612
2636 1380
-22 -1422
-2671 -3637
-4216 -4348
-4019 -3263
-2160 -829
591 1948
3098 3919
4325 4271
3764 2857
1647 263
-1150 -2440
-3472 -4135
-4359 -4120
-3445 -2403
-1107 307
1689 2891
3786 4280
4319 3900
3066 1908
547 -872
-2199 -3292
-4036 -4351
-4205 -3612
-2636 -1380
22 1422
2671 3637
4216 4348
4019 3263
2160 829
-591 -1948
-3098 -3919
-4325 -4271
-3764 -2857
-1647 -263
1150 2440
3472 4135
4359 4120
3445 2403
1107 -307
-1689 -2891
-3786 -4280
-4319 -3900
-3066 -1908
-547 872
2199 3292
4036 4351
4205 3612
2636 1380
-22 -1422
-2671 -3637
-4216 -4348
-4019 -3263
-2160 -829
591 1948
3098 3919
4325 4271
3764 2857
1647 263
-1150 -2440
-3472 -4135
0 0
0 0
0 0
0 0
0 0
0 0
0 0
0 0
0 0
0 0
0 0
0 0
0 0
0 0
0 0
0 0
0 0
0 0
0 0
0 0
0 0
0 0
0 0
0 0
0 0
0 0
0 0
0 0
0 0
0 0
0 0
0 0
0 0
0 0
0 0
0 0
0 0
0 0
0 0
0 0
0 0
0 0
0 0
0 0
0 0
0 0
0 0
0 0
0 0
0 0
0 0
0 0
0 0
0 0
0 0
0 0
0 0
0 0
0 0
0 0
0 0
0 0
0 0
0 0
0 0
0 0
0 0
0 0
0 0
0 0
0 0
0 0
0 0
0 0
0 0
0 0
0 0
0 0
0 0
0 0
0 0
0 0
0 0
0 0
0 0
0 0
0 0
0 0
0 0
0 0
0 0
0 0
0 0
0 0
0 0
0 0
0 0
0 0
0 0
0 0
0 0
0 0
0 0
0 0
0 0
0 0
0 0
0 0
0 0
0 0
0 0
0 0
0 0
0 0
0 0
0 0
0 0
0 0
0 0
0 0
0 0
0 0
0 0
0 0
0 0
0 0
0 0
0 0
0 0
0 0
0 0
0 0
0 0
0 0
0 0
0 0
0 0
0 0
0 0
0 0
0 0
0 0
0 0
0 0
0 0
0 0
0 0
0 0
0 0
0 0
0 0
0 0
0 0
0 0
0 0
0 0
0 0
0 0
0 0
0 0
0 0
0 0
0 0
0 0
0 0
0 0
0 0
0 0
0 0
0 0
0 0
0 0
0 0
0 0
0 0
0 0
0 0
0 0
0 0
0 0
0 0
0 0
0 0
0 0
0 0
0 0
0 0
0 0
0 0
0 0
0 0
0 0
0 0
0 0
0 0
0 0
0 0
0 0
0 0
0 0
0 0
0 0
0 0
0 0
0 0
0 0
0 0
0 0
0 0
0 0
0 0
0 0
0 0
0 0
0 0
0 0
0 0
0 0
0 0
0 0
0 0
0 0
0 0
0 0
0 0
0 0
0 0
0 0
0 0
0 0
0 0
0 0
0 0
0 0
0 0
0 0
0 0
0 0
0 0
0 0
0 0
0 0
0 0
0 0
0 0
0 0
0 0
0 0
0 0
0 0
0 0
0 0
0 0
0 0
0 0
0 0
0 0
0 0
0 0
0 0
0 0
0 0
0 0
0 0
0 0
0 0
0 0
0 0
0 0
0 0
0 0
0 0
0 0
0 0
0 0
0 0
0 0
0 0
0 0
0 0
0 0
0 0
0 0
0 0
0 0
0 0
0 0
0 0
0 0
0 0
0 0
0 0
0 0
0 0
0 0
0 0
0 0
0 0
0 0
0 0
0 0
0 0
0 0
0 0
0 0
0 0
0 0
0 0
0 0
0 0
0 0
0 0
0 0
0 0
0 0
0 0
0 0
0 0
0 0
0 0
0 0
0 0
0 0
0 0
0 0
0 0
0 0
0 0
0 0
0 0
0 0
0 0
0 0
0 0
0 0
0 0
0 0
0 0
0 0
0 0
0 0
0 0
0 0
0 0
0 0
0 0
0 0
0 0
0 0
0 0
0 0
0 0
0 0
0 0
0 0
0 0
0 0
0 0
0 0
0 0
0 0
0 0
0 0
0 0
0 0
0 0
0 0
0 0
0 0
0 0
0 0
0 0
0 0
0 0
0 0
0 0
0 0
0 0
0 0
0 0
0 0
0 0
0 0
0 0
0 0
0 0
0 0
0 0
0 0
0 0
0 0
0 0
0 0
0 0
0 0
0 0
0 0
0 0
0 0
0 0
0 0
0 0
0 0
0 0
0 0
0 0
0 0
0 0
0 0
0 0
0 0
0 0
0 0
0 0
0 0
0 0
0 0
0 0
0 0
0 0
0 0
0 0
0 0
0 0
0 0
0 0
0 0
0 0
0 0
0 0
0 0
0 0
0 0
0 0
0 0
0 0
0 0
0 0
0 0
0 0
0 0
0 0
0 0
0 0
0 0
0 0
0 0
0 0
0 0
0 0
0 0
0 0
0 0
0 0
0 0
0 0
0 0
0 0
0 0
0 0
0 0
0 0
0 0
0 0
0 0
0 0
0 0
0 0
0 0
0 0
0 0
0 0
0 0
0 0
0 0
0 0
0 0
0 0
0 0
0 0
0 0
0 0
0 0
0 0
0 0
0 0
0 0
0 0
0 0
0 0
0 0
0 0
0 0
0 0
0 0
0 0
0 0
0 0
0 0
0 0
0 0
0 0
0 0
0 0
0 0
0 0
0 0
0 0
0 0
0 0
0 0
0 0
